image_width: 800
image_height: 600
camera_name: head_camera
camera_matrix:
  rows: 3
  cols: 3
  data: [693.006365, 0.000000, 407.295143, 0.000000, 690.673968, 272.473967, 0.000000, 0.000000, 1.000000]
distortion_model: plumb_bob
distortion_coefficients:
  rows: 1
  cols: 5
  data: [0.016061, -0.077629, -0.007052, 0.001790, 0.000000]
rectification_matrix:
  rows: 3
  cols: 3
  data: [1.000000, 0.000000, 0.000000, 0.000000, 1.000000, 0.000000, 0.000000, 0.000000, 1.000000]
projection_matrix:
  rows: 3
  cols: 4
  data: [690.619873, 0.000000, 408.307349, 0.000000, 0.000000, 688.668640, 268.929543, 0.000000, 0.000000, 0.000000, 1.000000, 0.000000]
