image_width: 1920
image_height: 1080
camera_name: usb_cam
camera_matrix:
  rows: 3
  cols: 3
  data: [1389.98754,    0.     ,  979.68388,
            0.     , 1390.98861,  565.43635,
            0.     ,    0.     ,    1.     ]
distortion_model: plumb_bob
distortion_coefficients:
  rows: 1
  cols: 5
  data: [0.105591, -0.173268, 0.002933, 0.002108, 0.000000]
rectification_matrix:
  rows: 3
  cols: 3
  data: [1., 0., 0.,
         0., 1., 0.,
         0., 0., 1.]
projection_matrix:
  rows: 3
  cols: 4
  data: [1404.94128,    0.     ,  984.63394,    0.     ,
            0.     , 1413.94897,  567.44463,    0.     ,
            0.     ,    0.     ,    1.     ,    0.     ]
